camera_matrix:
  cols: 3
  data: [161.50471010092969, 0.0, 160.4969915958473, 0.0, 163.75492797164918, 116.9266075094265,
    0.0, 0.0, 1.0]
  rows: 3
camera_name: duckiebot/camera_node
distortion_coefficients:
  cols: 5
  data: [-0.2680447448421272, 0.05936219011042848, 0.003202651834943314, -0.0034394319990597557,
    0.0]
  rows: 1
distortion_model: plumb_bob
image_height: 240
image_width: 320
projection_matrix:
  cols: 4
  data: [117.59198760986328, 0.0, 157.95520331146417, 0.0, 0.0, 135.36331176757812,
    117.23704462507158, 0.0, 0.0, 0.0, 1.0, 0.0]
  rows: 3
rectification_matrix:
  cols: 3
  data: [1.0, 0.0, 0.0, 0.0, 1.0, 0.0, 0.0, 0.0, 1.0]
  rows: 3
